0.0245 35.268 0.049
0.0365 36.355 0.063
0.0232 35.148 0.050
0.0218 35.002 0.087
0.0305 35.877 0.043
0.0502 36.797 0.102
0.0306 35.806 0.104
0.0748 37.762 0.110
0.0259 35.106 0.114
0.1009 38.609 0.104
0.0451 36.890 0.077
0.0429 36.417 0.103
0.0789 37.775 0.077
0.0634 37.681 0.094
0.0263 35.571 0.104
0.0500 37.040 0.106
0.0707 37.661 0.121
0.0248 35.004 0.058
0.0519 37.100 0.068
0.0243 35.223 0.067
0.0357 35.954 0.079
0.0488 36.501 0.054
0.0220 34.886 0.083
0.1242 38.987 0.111
0.0348 36.059 0.083
0.0275 35.884 0.070
0.0297 36.171 0.078
0.0279 35.200 0.067
0.0537 37.002 0.082
0.0235 35.329 0.092
0.0392 36.589 0.034
0.0315 35.880 0.050
0.0260 35.560 0.032
0.1904 40.057 0.101
0.1291 38.801 0.102
0.2565 40.845 0.179
0.3813 41.502 0.176
0.0858 38.102 0.089
0.2609 40.651 0.143
0.1179 38.743 0.073
0.1823 39.806 0.106
0.3576 41.669 0.180
0.2604 40.994 0.127
0.1520 39.466 0.075
0.2869 41.244 0.105
0.1946 39.956 0.112
0.1472 39.346 0.063
0.2120 40.681 0.161
0.1805 39.732 0.096
0.2638 40.938 0.081
0.1923 40.210 0.096
0.3391 41.449 0.132
0.1175 38.846 0.084
0.1428 39.495 0.075
0.1605 39.432 0.105
0.2891 41.130 0.141
0.1232 38.917 0.113
0.2643 40.812 0.156
0.1261 38.820 0.110
0.1731 39.723 0.086
0.1636 39.630 0.084
0.2499 40.905 0.120
0.1064 38.726 0.106
0.1597 39.447 0.097
0.2446 40.531 0.094
0.2488 40.497 0.118
0.2292 40.452 0.099
0.0855 38.283 0.066
0.0617 37.457 0.064
0.2777 41.050 0.209
0.2758 40.955 0.136
0.3309 41.453 0.147
0.3622 41.678 0.155
0.3314 41.246 0.172
0.1448 39.456 0.095
0.3893 41.971 0.158
0.1745 39.799 0.145
0.3004 41.048 0.157
0.1164 39.032 0.070
0.2185 40.318 0.078
0.1198 39.031 0.074
0.1550 39.621 0.063
0.1783 40.274 0.109
0.2506 40.812 0.087
0.2520 40.665 0.082
0.3920 41.591 0.158
0.1289 38.970 0.060
0.3096 41.147 0.096
0.0450 36.950 0.049
0.2788 40.944 0.107
0.3085 41.190 0.171
0.1860 40.020 0.101
0.0666 37.538 0.081
0.3165 41.462 0.184
0.2583 40.685 0.143
0.2788 40.695 0.151
0.2992 41.155 0.117
0.2708 40.933 0.137
0.2795 40.676 0.126
0.2932 40.990 0.116
0.0786 37.981 0.062
0.1890 39.904 0.087
0.2660 40.697 0.087
0.1240 38.903 0.070
0.1828 39.993 0.068
0.0564 37.314 0.076
0.3131 41.194 0.110
0.3095 41.481 0.122
0.0894 38.106 0.110
0.2008 40.098 0.115
0.3268 41.181 0.126
0.2119 40.170 0.094
0.1799 39.915 0.092
0.3028 41.137 0.119
0.1087 38.519 0.101
0.2025 40.180 0.121
0.2148 40.451 0.098
0.3208 41.301 0.086
0.2185 40.418 0.109
0.3802 41.602 0.099
0.2115 40.015 0.101
0.0753 37.902 0.094
0.4212 42.274 0.124
0.2585 40.761 0.139
0.1835 39.596 0.132
0.2132 40.280 0.131
0.3599 41.411 0.199
0.1151 38.952 0.111
0.1442 39.470 0.102
0.2528 40.616 0.164
0.3883 42.073 0.132
0.3490 41.462 0.183
0.2557 40.711 0.190
0.2172 40.502 0.175
0.0643 37.472 0.127
0.2989 41.138 0.221
0.4260 41.988 0.180
0.5310 42.925 0.141
0.3330 40.709 0.104
0.5190 42.882 0.264
0.4010 41.981 0.170
0.2050 40.150 0.206
0.4360 41.989 0.138
0.3630 41.764 0.090
0.4360 42.074 0.157
0.3090 41.343 0.198
0.3420 41.585 0.141
0.1590 39.786 0.183
0.3320 41.612 0.216
0.2390 40.532 0.160
0.3520 41.679 0.167
0.6120 42.869 0.235
0.6310 42.729 0.224
0.6450 42.841 0.181
0.4290 42.080 0.143
0.4970 42.269 0.195
0.5390 42.474 0.219
0.6190 42.978 0.198
0.5400 42.684 0.235
0.2180 40.464 0.167
0.6330 42.415 0.261
0.3830 41.744 0.162
0.3020 41.394 0.254
0.3400 41.436 0.232
0.5100 41.997 0.214
0.3990 41.809 0.244
0.4930 42.268 0.238
0.6870 43.036 0.198
0.5020 42.205 0.230
0.6870 42.938 0.228
0.4950 42.346 0.181
0.6030 42.827 0.236
0.4210 42.170 0.110
0.3480 41.881 0.183
0.2130 40.512 0.209
0.3440 41.293 0.140
0.2740 40.841 0.223
0.1810 39.892 0.134
0.4010 42.280 0.291
0.4160 41.852 0.249
0.2860 41.473 0.231
0.4630 42.394 0.261
0.3410 41.263 0.217
0.6310 42.962 0.177
0.3680 41.671 0.115
0.3090 41.117 0.157
0.5280 42.505 0.269
0.2680 40.516 0.250
0.2160 40.697 0.191
0.6950 43.245 0.190
0.2840 41.122 0.184
0.5080 42.383 0.201
0.5043 42.602 0.117
0.5817 42.770 0.167
0.4960 42.250 0.113
0.3460 41.606 0.104
0.6790 43.674 0.179
0.8680 43.620 0.262
0.3310 41.277 0.101
0.6880 43.004 0.152
0.8000 43.853 0.178
0.5320 42.810 0.212
0.4490 42.070 0.195
0.3709 41.890 0.189
0.2912 40.618 0.199
0.2486 40.829 0.236
0.4627 42.103 0.152
0.4607 42.059 0.148
0.2850 40.973 0.107
0.6330 43.170 0.159
0.9490 43.831 0.295
0.9271 43.889 0.265
0.6950 42.983 0.216
0.6268 42.875 0.151
0.9050 43.742 0.220
0.6040 42.512 0.160
0.7910 43.673 0.184
0.5810 42.811 0.157
0.5920 42.557 0.236
0.7210 43.301 0.218
0.5260 42.366 0.189
0.4150 41.890 0.116
0.3570 41.495 0.115
0.4300 41.709 0.117
0.7070 43.213 0.250
0.6910 43.043 0.328
0.7410 43.635 0.198
0.6200 43.237 0.173
0.8300 43.899 0.086
0.6430 43.162 0.201
1.0100 44.688 0.201
0.4700 41.986 0.116
0.6100 42.865 0.118
0.2630 40.707 0.093
0.3578 41.512 0.085
0.7300 43.444 0.159
0.4510 41.660 0.100
0.9100 44.192 0.173
0.5516 41.938 0.136
0.7100 42.646 0.242
0.9300 43.498 0.230
0.3373 41.459 0.084
0.7520 43.301 0.226
0.9830 44.431 0.291
0.8218 43.628 0.174
0.9500 44.064 0.254
0.8170 43.723 0.193
0.3402 41.535 0.084
0.9600 43.899 0.284
0.6130 42.941 0.169
0.8400 43.901 0.160
0.5500 42.379 0.135
0.8110 43.548 0.204
0.9610 44.097 0.222
0.6700 43.021 0.220
1.3000 44.987 0.116
0.2160 40.442 0.224
1.3400 44.892 0.191
1.0200 44.351 0.179
0.8400 43.503 0.177
1.0200 44.083 0.244
0.7350 43.012 0.211
1.1200 44.599 0.198
1.5510 45.133 0.175
1.1400 44.440 0.135
0.4900 42.361 0.302
1.3070 45.165 0.261
0.5260 43.169 0.186
1.2300 45.069 0.213
1.2300 45.031 0.146
0.8540 43.614 0.246
0.9000 43.063 0.305
1.3700 45.111 0.148
1.1400 44.635 0.307
0.9752 44.241 0.175
0.9700 44.449 0.234
0.6400 42.858 0.235
0.7400 43.226 0.173
0.9540 44.057 0.265
1.3900 44.812 0.192
0.8390 43.287 0.296
1.0100 44.524 0.187
0.9540 44.055 0.309
1.3050 44.730 0.295
1.2650 44.812 0.205
0.9350 43.507 0.360
0.4600 42.290 0.349
0.5210 42.446 0.185
